2 0.4734375 0.6436637390213299 0.5114583333333333 0.21580928481806774
2 0.19322916666666667 0.6549560853199498 0.384375 0.10790464240903387
2 0.1703125 0.7120451693851945 0.3385416666666667 0.07904642409033877
2 0.8364583333333333 0.6079046424090339 0.32708333333333334 0.2647427854454203
2 0.14583333333333334 0.5288582183186951 0.2895833333333333 0.2070263488080301
2 0.3671875 0.48933500627352566 0.14479166666666665 0.13801756587202008
2 0.31875 0.459849435382685 0.1625 0.17942283563362607
2 0.46458333333333335 0.4623588456712672 0.15208333333333332 0.19698870765370136
2 0.5338541666666666 0.5163111668757842 0.13854166666666667 0.1593475533249686
2 0.6838541666666667 0.46424090338770385 0.21770833333333334 0.24090338770388958
2 0.8307291666666666 0.43789209535759094 0.11354166666666667 0.08531994981179422
2 0.9109375 0.4347553324968632 0.178125 0.11417816813048932
