2 0.548828125 0.8838028169014085 0.197265625 0.23239436619718312
2 0.50732421875 0.9295774647887325 0.1630859375 0.14084507042253522
2 0.740234375 0.693158953722334 0.1015625 0.15090543259557346
2 0.53173828125 0.6297786720321932 0.1220703125 0.11468812877263583
2 0.52587890625 0.5568410462776661 0.0634765625 0.05935613682092556
2 0.43505859375 0.53420523138833 0.0283203125 0.03420523138832998
2 0.4521484375 0.48792756539235416 0.009765625 0.02012072434607646
2 0.29248046875 0.4642857142857143 0.0166015625 0.019114688128772636
2 0.2763671875 0.4637826961770624 0.01171875 0.02012072434607646
2 0.3408203125 0.5196177062374245 0.044921875 0.05130784708249497
2 0.15625 0.4582494969818914 0.02734375 0.02917505030181087
