2 0.599406528189911 0.71435546875 0.4362017804154303 0.5712890625
2 0.7959940652818991 0.67333984375 0.21513353115727005 0.6044921875
2 0.2737388724035608 0.75 0.35756676557863504 0.5
2 0.23664688427299704 0.47119140625 0.28338278931750743 0.1650390625
2 0.491839762611276 0.39697265625 0.5178041543026707 0.1943359375
2 0.31750741839762614 0.40087890625 0.44510385756676557 0.1708984375
2 0.47774480712166173 0.26953125 0.42433234421364985 0.162109375
2 0.1913946587537092 0.30078125 0.19287833827893175 0.109375
2 0.18397626112759644 0.2265625 0.17804154302670624 0.12109375
2 0.38724035608308605 0.2236328125 0.26409495548961426 0.12890625
