2 0.43115234375 0.8677062374245473 0.2763671875 0.2364185110663984
2 0.4892578125 0.9079476861167003 0.228515625 0.147887323943662
2 0.16357421875 0.6800804828973843 0.1416015625 0.14084507042253522
2 0.45458984375 0.6207243460764588 0.1708984375 0.10663983903420524
2 0.46337890625 0.5533199195171027 0.0888671875 0.05432595573440644
2 0.59033203125 0.5321931589537224 0.0400390625 0.03219315895372234
2 0.56640625 0.4894366197183099 0.013671875 0.019114688128772636
2 0.7890625 0.4673038229376258 0.0234375 0.01710261569416499
2 0.8115234375 0.4668008048289739 0.017578125 0.018108651911468814
2 0.7216796875 0.5186116700201208 0.0625 0.04728370221327968
2 0.9794921875 0.46126760563380287 0.0390625 0.02716297786720322
