2 0.37611275964391694 0.6943359375 0.5385756676557863 0.5078125
2 0.13427299703264095 0.64697265625 0.2655786350148368 0.5107421875
2 0.7781899109792285 0.7373046875 0.4406528189910979 0.474609375
2 0.8241839762611276 0.47607421875 0.3486646884272997 0.1396484375
2 0.5089020771513353 0.4130859375 0.6379821958456974 0.1640625
2 0.7240356083086054 0.4169921875 0.5489614243323442 0.14453125
2 0.5259643916913946 0.3056640625 0.5237388724035609 0.13671875
2 0.8798219584569733 0.33203125 0.23738872403560832 0.091796875
2 0.8887240356083086 0.26904296875 0.2195845697329377 0.1025390625
2 0.6379821958456974 0.2666015625 0.3264094955489614 0.109375
