2 0.5244791666666666 0.7860727728983689 0.4822916666666667 0.4278544542032622
2 0.803125 0.8086574654956085 0.39166666666666666 0.21455457967377664
2 0.825 0.9222082810539523 0.34791666666666665 0.15558343789209533
2 0.16875 0.7151819322459222 0.33541666666666664 0.5244667503136763
2 0.8479166666666667 0.5583437892095358 0.3020833333333333 0.411543287327478
2 0.6244791666666667 0.47929736511919696 0.13645833333333332 0.27352572145545795
2 0.6703125 0.4215809284818067 0.153125 0.3538268506900878
2 0.5328125 0.42722710163111666 0.14270833333333333 0.39021329987452946
2 0.46770833333333334 0.5338770388958595 0.13125 0.3174404015056462
2 0.3265625 0.42973651191969886 0.20520833333333333 0.47804265997490586
2 0.18802083333333333 0.3782936010037641 0.10729166666666666 0.16938519447929734
2 0.10885416666666667 0.3713927227101631 0.17395833333333333 0.22584692597239647
