2 0.47552083333333334 0.7860727728983689 0.4822916666666667 0.4278544542032622
2 0.196875 0.8086574654956085 0.39166666666666666 0.21455457967377664
2 0.175 0.9222082810539523 0.34791666666666665 0.15558343789209533
2 0.8317708333333333 0.7151819322459222 0.3364583333333333 0.5244667503136763
2 0.15208333333333332 0.5583437892095358 0.3020833333333333 0.411543287327478
2 0.3755208333333333 0.47929736511919696 0.13645833333333332 0.27352572145545795
2 0.3296875 0.4215809284818067 0.153125 0.3538268506900878
2 0.4671875 0.42722710163111666 0.14270833333333333 0.39021329987452946
2 0.5322916666666666 0.5338770388958595 0.13125 0.3174404015056462
2 0.6734375 0.42973651191969886 0.20520833333333333 0.47804265997490586
2 0.8119791666666667 0.3782936010037641 0.10729166666666666 0.16938519447929734
2 0.8911458333333333 0.3713927227101631 0.17395833333333333 0.22584692597239647
