2 0.6238872403560831 0.6943359375 0.5385756676557863 0.5078125
2 0.8664688427299704 0.64697265625 0.26706231454005935 0.5107421875
2 0.2218100890207715 0.7373046875 0.4406528189910979 0.474609375
2 0.17581602373887242 0.47607421875 0.3486646884272997 0.1396484375
2 0.4910979228486647 0.4130859375 0.6379821958456974 0.1640625
2 0.2759643916913947 0.4169921875 0.5489614243323442 0.14453125
2 0.47403560830860536 0.3056640625 0.5237388724035609 0.13671875
2 0.1201780415430267 0.33203125 0.23738872403560832 0.091796875
2 0.11127596439169139 0.26904296875 0.2195845697329377 0.1025390625
2 0.3620178041543027 0.2666015625 0.3264094955489614 0.109375
