1 0.9781818181818182 0.2937158469945355 0.03272727272727273 0.12295081967213115
1 0.8 0.430327868852459 0.07636363636363637 0.33060109289617484
1 0.7290909090909091 0.46174863387978143 0.16 0.3825136612021858
1 0.5690909090909091 0.7117486338797814 0.16 0.4672131147540984
1 0.4709090909090909 0.5341530054644809 0.16 0.6530054644808743
1 0.37272727272727274 0.4385245901639344 0.09090909090909091 0.4180327868852459
1 0.30636363636363634 0.3292349726775956 0.056363636363636366 0.22131147540983606
1 0.17 0.34153005464480873 0.05272727272727273 0.24043715846994534
1 0.11272727272727273 0.33879781420765026 0.05818181818181818 0.2786885245901639
1 0.045454545454545456 0.33879781420765026 0.06545454545454546 0.17486338797814208
1 0.20454545454545456 0.30327868852459017 0.045454545454545456 0.16939890710382513
1 0.3327272727272727 0.29098360655737704 0.03272727272727273 0.15027322404371585
1 0.3509090909090909 0.3005464480874317 0.02181818181818182 0.07103825136612021
1 0.26272727272727275 0.24180327868852458 0.016363636363636365 0.07377049180327869
1 0.27636363636363637 0.2718579234972678 0.025454545454545455 0.1448087431693989
1 0.24272727272727274 0.22950819672131148 0.023636363636363636 0.07103825136612021
1 0.03090909090909091 0.21584699453551912 0.025454545454545455 0.06557377049180328
1 0.07 0.27049180327868855 0.038181818181818185 0.15300546448087432
