1 0.978125 0.6308851224105461 0.043750000000000004 0.3804143126177024
1 0.836875 0.6299435028248588 0.11375 0.4576271186440678
1 0.9137500000000001 0.5094161958568738 0.0525 0.160075329566855
1 0.79625 0.6129943502824858 0.0575 0.352165725047081
1 0.76875 0.551789077212806 0.0625 0.3352165725047081
1 0.71125 0.6064030131826742 0.0925 0.3427495291902071
1 0.711875 0.46421845574387943 0.04625 0.1224105461393597
1 0.628125 0.5094161958568738 0.04875 0.17137476459510356
1 0.5856250000000001 0.4990583804143126 0.04625 0.2184557438794727
1 0.5387500000000001 0.5056497175141242 0.04 0.20527306967984935
1 0.561875 0.5065913370998116 0.02875 0.1845574387947269
1 0.5 0.4971751412429378 0.045 0.20338983050847456
1 0.46625 0.5009416195856874 0.04 0.19209039548022597
1 0.4325 0.4971751412429378 0.035 0.1958568738229755
1 0.644375 0.4868173258003766 0.02625 0.11487758945386063
