1 0.9495049504950496 0.4 0.03762376237623762 0.1393939393939394
1 0.8801980198019802 0.4409090909090909 0.03762376237623762 0.1484848484848485
1 0.8138613861386139 0.4575757575757576 0.04356435643564356 0.15757575757575756
1 0.7950495049504951 0.5606060606060606 0.0297029702970297 0.13333333333333333
1 0.7792079207920792 0.5393939393939394 0.025742574257425745 0.15757575757575756
1 0.7455445544554455 0.45606060606060606 0.03762376237623762 0.1484848484848485
1 0.7099009900990099 0.45606060606060606 0.03762376237623762 0.14242424242424243
1 0.6752475247524753 0.4696969696969697 0.04356435643564356 0.14545454545454545
1 0.5821782178217821 0.4590909090909091 0.03564356435643565 0.14242424242424243
1 0.6 0.6348484848484849 0.0594059405940594 0.15454545454545454
1 0.5643564356435644 0.6303030303030303 0.04356435643564356 0.15757575757575756
1 0.5217821782178218 0.6424242424242425 0.05742574257425743 0.18181818181818182
1 0.3811881188118812 0.7848484848484848 0.06930693069306931 0.18787878787878787
1 0.2584158415841584 0.796969696969697 0.04554455445544554 0.17575757575757575
1 0.20693069306930692 0.8196969696969697 0.061386138613861385 0.1606060606060606
1 0.12871287128712872 0.7287878787878788 0.0594059405940594 0.1484848484848485
1 0.0891089108910891 0.693939393939394 0.055445544554455446 0.17575757575757575
1 0.05742574257425743 0.753030303030303 0.04356435643564356 0.18484848484848485
1 0.7881188118811882 0.3181818181818182 0.039603960396039604 0.12121212121212122
