1 0.06574074074074074 0.5265432098765432 0.0462962962962963 0.13703703703703704
1 0.017592592592592594 0.47962962962962963 0.02777777777777778 0.07530864197530864
1 0.2212962962962963 0.5487654320987654 0.05555555555555556 0.1765432098765432
1 0.2972222222222222 0.5049382716049383 0.022222222222222223 0.08641975308641975
1 0.3699074074074074 0.5506172839506173 0.05462962962962963 0.15555555555555556
1 0.4953703703703704 0.5635802469135802 0.05 0.15185185185185185
1 0.5231481481481481 0.5654320987654321 0.03333333333333333 0.14074074074074075
1 0.6069444444444445 0.5765432098765432 0.03796296296296296 0.15555555555555556
1 0.6319444444444444 0.528395061728395 0.017592592592592594 0.0691358024691358
1 0.5592592592592592 0.5092592592592593 0.012962962962962964 0.03333333333333333
1 0.34490740740740744 0.5049382716049383 0.021296296296296296 0.044444444444444446
