1 0.1421875 0.12162162162162163 0.053125000000000006 0.1600831600831601
1 0.28203125 0.3264033264033264 0.08281250000000001 0.15384615384615385
1 0.45703125 0.06444906444906445 0.0546875 0.079002079002079
1 0.46640625 0.15280665280665282 0.06406250000000001 0.11434511434511435
1 0.46796875000000004 0.21101871101871103 0.0421875 0.0893970893970894
1 0.44296875 0.3066528066528067 0.0390625 0.1101871101871102
1 0.48984375 0.314968814968815 0.051562500000000004 0.1392931392931393
1 0.57578125 0.22661122661122662 0.045312500000000006 0.16216216216216217
1 0.6000000000000001 0.340956340956341 0.059375000000000004 0.15384615384615385
1 0.68671875 0.2505197505197505 0.08281250000000001 0.14760914760914762
1 0.65625 0.18295218295218296 0.06875 0.158004158004158
1 0.7671875 0.15384615384615385 0.046875 0.12474012474012475
1 0.8304687500000001 0.42203742203742206 0.0578125 0.15384615384615385
1 0.78125 0.5405405405405406 0.059375000000000004 0.16216216216216217
1 0.92109375 0.7536382536382537 0.0734375 0.16424116424116425
1 0.9734375000000001 0.6247401247401247 0.053125000000000006 0.14760914760914762
1 0.8304687500000001 0.6943866943866944 0.07968750000000001 0.16632016632016633
1 0.9640625 0.5727650727650728 0.065625 0.12266112266112267
1 0.66328125 0.47193347193347196 0.0421875 0.079002079002079
1 0.6515625 0.5644490644490645 0.065625 0.1600831600831601
1 0.5859375 0.7432432432432433 0.059375000000000004 0.16424116424116425
1 0.63984375 0.9386694386694387 0.045312500000000006 0.12266112266112267
1 0.51484375 0.893970893970894 0.0484375 0.1496881496881497
1 0.5203125000000001 0.576923076923077 0.059375000000000004 0.16424116424116425
1 0.43984375000000003 0.45218295218295224 0.0578125 0.15176715176715178
1 0.3359375 0.5363825363825364 0.053125000000000006 0.16632016632016633
1 0.19921875 0.5810810810810811 0.0671875 0.16424116424116425
1 0.15156250000000002 0.5436590436590437 0.05625 0.17255717255717257
1 0.05078125 0.654885654885655 0.0546875 0.1496881496881497
1 0.06796875000000001 0.5956340956340956 0.0765625 0.15592515592515593
1 0.09453125000000001 0.8014553014553015 0.0890625 0.1891891891891892
1 0.19062500000000002 0.8191268191268192 0.05625 0.15384615384615385
1 0.1640625 0.9054054054054055 0.07500000000000001 0.17255717255717257
1 0.2625 0.9334719334719335 0.07187500000000001 0.13305613305613306
1 0.984375 0.07068607068607069 0.03125 0.13721413721413722
