1 0.8733333333333333 0.7341666666666667 0.04888888888888889 0.2816666666666667
1 0.9633333333333334 0.6616666666666667 0.05333333333333333 0.12333333333333334
1 0.7955555555555556 0.7283333333333334 0.07555555555555556 0.31333333333333335
1 0.7277777777777777 0.7941666666666667 0.08666666666666667 0.4116666666666667
1 0.5688888888888889 0.7116666666666667 0.08222222222222222 0.28
1 0.44055555555555553 0.6950000000000001 0.058888888888888886 0.19666666666666668
1 0.29333333333333333 0.6283333333333334 0.051111111111111114 0.13
1 0.22944444444444445 0.63 0.027777777777777776 0.12000000000000001
1 0.2061111111111111 0.6266666666666667 0.03666666666666667 0.14666666666666667
1 0.016666666666666666 0.6208333333333333 0.03111111111111111 0.12166666666666667
