1 0.9694736842105263 0.1319672131147541 0.061052631578947365 0.24098360655737705
1 0.9405263157894737 0.08442622950819673 0.07052631578947369 0.16557377049180327
1 0.9463157894736842 0.5336065573770492 0.10736842105263157 0.4344262295081967
1 0.828421052631579 0.11639344262295082 0.042105263157894736 0.11147540983606558
1 0.11105263157894736 0.24180327868852458 0.08947368421052632 0.3
1 0.32210526315789473 0.14590163934426228 0.04842105263157895 0.10163934426229508
1 0.42 0.16475409836065574 0.06315789473684211 0.10655737704918032
1 0.6363157894736842 0.20655737704918034 0.06842105263157895 0.21311475409836064
1 0.7305263157894737 0.20901639344262296 0.08421052631578947 0.11311475409836065
1 0.7510526315789473 0.11639344262295082 0.04105263157894737 0.08524590163934426
1 0.7052631578947368 0.10491803278688525 0.03789473684210526 0.07213114754098361
1 0.5684210526315789 0.14918032786885246 0.03789473684210526 0.11475409836065574
1 0.618421052631579 0.10573770491803279 0.04105263157894737 0.08032786885245902
1 0.3910526315789474 0.12131147540983607 0.05789473684210526 0.09180327868852459
1 0.27 0.12049180327868853 0.022105263157894735 0.06721311475409836
1 0.7778947368421052 0.08278688524590164 0.029473684210526315 0.047540983606557376
1 0.8010526315789473 0.0942622950819672 0.023157894736842106 0.047540983606557376
1 0.5057894736842106 0.12049180327868853 0.024210526315789474 0.060655737704918035
1 0.2531578947368421 0.12868852459016394 0.028421052631578948 0.047540983606557376
1 0.1936842105263158 0.12459016393442623 0.03789473684210526 0.06557377049180328
