1 0.05 0.6533333333333333 0.096 0.2826666666666667
1 0.179 0.5599999999999999 0.106 0.23466666666666666
1 0.256 0.596 0.07200000000000001 0.152
1 0.327 0.716 0.114 0.45066666666666666
1 0.49 0.5226666666666666 0.064 0.21333333333333332
1 0.539 0.536 0.054 0.18133333333333332
1 0.526 0.7253333333333333 0.092 0.18666666666666665
1 0.675 0.6253333333333333 0.09 0.13599999999999998
1 0.67 0.7466666666666666 0.108 0.32
1 0.786 0.64 0.096 0.448
1 0.851 0.5226666666666666 0.042 0.144
1 0.889 0.5106666666666666 0.054 0.14666666666666667
