1 0.07647058823529412 0.711111111111111 0.06666666666666667 0.14640522875816991
1 0.015196078431372549 0.6947712418300653 0.028431372549019607 0.10588235294117647
1 0.03480392156862745 0.6849673202614378 0.022549019607843137 0.06274509803921569
1 0.2607843137254902 0.7176470588235294 0.054901960784313725 0.11764705882352941
1 0.45245098039215687 0.6875816993464052 0.018627450980392157 0.06797385620915032
1 0.5647058823529412 0.6738562091503267 0.0196078431372549 0.03006535947712418
1 0.6284313725490196 0.684313725490196 0.01764705882352941 0.04836601307189542
1 0.6593137254901961 0.6901960784313725 0.030392156862745098 0.0522875816993464
1 0.6460784313725491 0.6875816993464052 0.01764705882352941 0.04967320261437908
1 0.4676470588235294 0.6849673202614378 0.01568627450980392 0.054901960784313725
1 0.5357843137254902 0.6705882352941176 0.022549019607843137 0.0392156862745098
1 0.5970588235294118 0.6784313725490195 0.0196078431372549 0.023529411764705882
1 0.43186274509803924 0.6836601307189542 0.010784313725490196 0.05751633986928104
1 0.41911764705882354 0.6810457516339868 0.016666666666666666 0.054901960784313725
1 0.40098039215686276 0.676470588235294 0.013725490196078431 0.0457516339869281
