1 0.8783333333333334 0.7493074792243767 0.22333333333333336 0.5013850415512465
1 0.7391666666666667 0.7091412742382271 0.27166666666666667 0.554016620498615
1 0.6425000000000001 0.6551246537396122 0.225 0.5346260387811634
1 0.43333333333333335 0.7409972299168975 0.11666666666666667 0.518005540166205
1 0.31083333333333335 0.703601108033241 0.14500000000000002 0.592797783933518
1 0.17333333333333334 0.7479224376731302 0.12333333333333334 0.5041551246537396
1 0.13583333333333333 0.6703601108033241 0.095 0.481994459833795
1 0.5066666666666667 0.46814404432132967 0.08 0.3047091412742382
1 0.6525000000000001 0.38227146814404434 0.03833333333333334 0.11080332409972299
1 0.42500000000000004 0.46398891966759004 0.060000000000000005 0.1523545706371191
1 0.38583333333333336 0.4556786703601108 0.065 0.1634349030470914
