1 0.926 0.6367924528301887 0.076 0.3679245283018868
1 0.846 0.6477987421383649 0.116 0.44654088050314467
1 0.733 0.6729559748427674 0.11 0.44025157232704404
1 0.631 0.6336477987421384 0.078 0.37421383647798745
1 0.549 0.6446540880503145 0.11 0.42138364779874216
1 0.5 0.6210691823899371 0.068 0.3867924528301887
1 0.394 0.6210691823899371 0.096 0.3616352201257862
1 0.273 0.6257861635220127 0.126 0.37735849056603776
1 0.14400000000000002 0.6682389937106918 0.096 0.46226415094339623
1 0.332 0.6147798742138365 0.06 0.3113207547169812
