1 0.9635 0.9153333333333333 0.067 0.16933333333333334
1 0.877 0.9066666666666666 0.082 0.18666666666666665
1 0.0235 0.8386666666666667 0.017 0.06933333333333333
1 0.045 0.8413333333333333 0.018000000000000002 0.08
1 0.3665 0.8406666666666667 0.015 0.06266666666666666
1 0.378 0.842 0.02 0.06
1 0.45 0.838 0.018000000000000002 0.06
1 0.8180000000000001 0.838 0.016 0.06266666666666666
1 0.799 0.84 0.016 0.06666666666666667
1 0.7055 0.836 0.013000000000000001 0.048
1 0.6930000000000001 0.838 0.012 0.052
