1 0.01875 0.511340206185567 0.035 0.2061855670103093
1 0.06625 0.6195876288659794 0.085 0.3237113402061856
1 0.11812500000000001 0.5185567010309279 0.07875 0.24948453608247423
1 0.165 0.5907216494845361 0.07 0.29896907216494845
1 0.09625 0.3845360824742268 0.0375 0.1134020618556701
1 0.181875 0.4278350515463918 0.03625 0.08453608247422681
1 0.20375000000000001 0.5711340206185567 0.0475 0.30927835051546393
1 0.24125 0.5422680412371134 0.0525 0.3216494845360825
1 0.20875 0.39484536082474225 0.035 0.08041237113402062
1 0.30875 0.42061855670103093 0.0325 0.0865979381443299
1 0.325 0.5907216494845361 0.09 0.30721649484536084
1 0.39875 0.5670103092783505 0.0775 0.30927835051546393
1 0.4525 0.5474226804123712 0.04 0.2329896907216495
1 0.49312500000000004 0.5134020618556702 0.06125 0.21855670103092784
1 0.464375 0.4123711340206186 0.04125 0.0865979381443299
1 0.435 0.39793814432989694 0.035 0.06597938144329897
1 0.5593750000000001 0.5515463917525774 0.06375 0.3443298969072165
1 0.605 0.5793814432989691 0.0725 0.33402061855670107
1 0.6587500000000001 0.4845360824742268 0.0525 0.1154639175257732
1 0.6225 0.4144329896907217 0.04 0.0865979381443299
1 0.598125 0.3907216494845361 0.03375 0.08453608247422681
1 0.71125 0.3835051546391753 0.0275 0.053608247422680416
1 0.73 0.45670103092783504 0.065 0.13814432989690723
1 0.7987500000000001 0.4402061855670103 0.0375 0.10103092783505155
1 0.823125 0.4639175257731959 0.03625 0.16494845360824742
1 0.8462500000000001 0.4123711340206186 0.0325 0.061855670103092786
1 0.855 0.5639175257731959 0.0425 0.2371134020618557
1 0.889375 0.6041237113402061 0.09875 0.3463917525773196
1 0.923125 0.5051546391752577 0.043750000000000004 0.19381443298969073
1 0.886875 0.40103092783505156 0.03625 0.07216494845360825
1 0.925625 0.39484536082474225 0.03625 0.09278350515463918
1 0.9550000000000001 0.6020618556701031 0.09 0.3505154639175258
1 0.9775 0.41340206185567013 0.045 0.05979381443298969
