1 0.8725 0.49 0.041 0.14533333333333334
1 0.8195 0.47333333333333333 0.031 0.09866666666666667
1 0.7285 0.5353333333333333 0.085 0.3133333333333333
1 0.5765 0.53 0.091 0.30533333333333335
1 0.6705 0.496 0.051000000000000004 0.18933333333333333
1 0.399 0.5846666666666667 0.116 0.4413333333333333
1 0.2605 0.5666666666666667 0.14100000000000001 0.432
1 0.331 0.508 0.062 0.27466666666666667
1 0.4475 0.4726666666666666 0.033 0.156
1 0.5035000000000001 0.48733333333333334 0.061 0.21466666666666667
1 0.1675 0.4493333333333333 0.031 0.09333333333333332
