1 0.928 0.6430817610062893 0.076 0.35534591194968557
1 0.845 0.6477987421383649 0.098 0.44025157232704404
1 0.894 0.45125786163522014 0.036000000000000004 0.09748427672955975
1 0.864 0.449685534591195 0.032 0.08176100628930819
1 0.798 0.4827044025157233 0.048 0.16037735849056606
1 0.731 0.6713836477987422 0.10200000000000001 0.4371069182389937
1 0.66 0.5487421383647799 0.044 0.2169811320754717
1 0.625 0.6305031446540881 0.062 0.3616352201257862
1 0.547 0.6446540880503145 0.09 0.4088050314465409
1 0.504 0.6132075471698114 0.068 0.39622641509433965
1 0.401 0.6147798742138365 0.08600000000000001 0.35534591194968557
1 0.422 0.47955974842767296 0.024 0.0660377358490566
1 0.33 0.6147798742138365 0.06 0.32389937106918243
1 0.272 0.628930817610063 0.108 0.37735849056603776
1 0.147 0.6540880503144655 0.098 0.4528301886792453
