1 0.9755 0.7721139430284857 0.039 0.1649175412293853
1 0.662 0.8043478260869565 0.054 0.22638680659670163
1 0.603 0.793103448275862 0.074 0.17991004497751123
1 0.518 0.7451274362818591 0.03 0.08695652173913043
1 0.47400000000000003 0.8215892053973013 0.056 0.2818590704647676
1 0.442 0.7256371814092953 0.024 0.10194902548725637
1 0.4 0.7106446776611693 0.028 0.12893553223388304
1 0.3345 0.7413793103448275 0.043000000000000003 0.07946026986506746
1 0.297 0.7331334332833583 0.042 0.09895052473763118
1 0.2635 0.7278860569715142 0.035 0.15742128935532235
1 0.0805 0.664167916041979 0.023 0.11094452773613193
1 0.0345 0.6784107946026986 0.031 0.11244377811094453
