1 0.56125 0.12242990654205609 0.0725 0.14392523364485982
1 0.64 0.14766355140186915 0.095 0.13084112149532712
1 0.8175 0.06728971962616823 0.085 0.13084112149532712
1 0.7425 0.07663551401869159 0.08 0.09719626168224299
1 0.75875 0.15514018691588785 0.0825 0.10093457943925234
1 0.9775 0.22616822429906544 0.045 0.0897196261682243
1 0.89625 0.25514018691588786 0.0825 0.12897196261682242
1 0.86625 0.197196261682243 0.0725 0.08411214953271029
1 0.8075 0.2411214953271028 0.07 0.13084112149532712
1 0.755 0.25514018691588786 0.09 0.12897196261682242
1 0.69125 0.23644859813084113 0.0675 0.1252336448598131
1 0.61875 0.28130841121495326 0.08750000000000001 0.1252336448598131
1 0.515 0.2644859813084112 0.08 0.12897196261682242
1 0.75625 0.5672897196261683 0.08750000000000001 0.10654205607476636
1 0.58375 0.577570093457944 0.08750000000000001 0.13084112149532712
1 0.515 0.5579439252336449 0.08 0.15140186915887852
1 0.4575 0.5485981308411215 0.08 0.12149532710280374
1 0.4 0.5280373831775701 0.05 0.05046728971962617
1 0.385 0.5906542056074766 0.095 0.13084112149532712
1 0.31875000000000003 0.5654205607476636 0.0825 0.13644859813084112
1 0.27875 0.591588785046729 0.0825 0.12149532710280374
1 0.28 0.5074766355140187 0.06 0.06168224299065421
1 0.20625000000000002 0.5551401869158878 0.0775 0.13084112149532712
1 0.1625 0.597196261682243 0.08 0.11401869158878505
1 0.08625000000000001 0.5663551401869159 0.08750000000000001 0.13084112149532712
1 0.07 0.7878504672897196 0.08 0.1252336448598131
1 0.1325 0.783177570093458 0.07 0.13084112149532712
1 0.215 0.7869158878504673 0.085 0.13457943925233645
1 0.30125 0.7700934579439253 0.10250000000000001 0.12336448598130842
1 0.42375 0.7588785046728972 0.0925 0.12336448598130842
