0 0.7468553459119497 0.5046296296296297 0.3616352201257862 0.5611111111111111
0 0.29140461215932917 0.5620370370370371 0.33752620545073375 0.575925925925926
0 0.15461215932914046 0.4981481481481482 0.2568134171907757 0.3888888888888889
0 0.5566037735849056 0.8981481481481481 0.08805031446540881 0.12222222222222223
0 0.6635220125786164 0.8907407407407407 0.0859538784067086 0.15185185185185185
0 0.7840670859538784 0.8722222222222222 0.10272536687631027 0.17777777777777778
0 0.9171907756813418 0.8907407407407407 0.12578616352201258 0.13703703703703704
0 0.4035639412997904 0.9175925925925926 0.11111111111111112 0.10555555555555556
0 0.2835429769392034 0.9083333333333333 0.07232704402515723 0.15
0 0.169811320754717 0.9175925925925926 0.07547169811320756 0.1277777777777778
0 0.05083857442348009 0.9064814814814816 0.09119496855345913 0.11666666666666667
