0 0.6685855263157895 0.6354166666666666 0.5767543859649122 0.5325292397660818
0 0.26192434210526316 0.6840277777777778 0.21463815789473684 0.26206140350877194
1 0.33566337719298245 0.852704678362573 0.08799342105263157 0.2945906432748538
1 0.2591831140350877 0.7602339181286549 0.03865131578947368 0.16739766081871343
1 0.30688048245614036 0.7154605263157894 0.026589912280701754 0.08589181286549707
1 0.32853618421052627 0.6893274853801169 0.023300438596491228 0.03508771929824561
1 0.35211074561403505 0.7136330409356725 0.033717105263157895 0.07785087719298245
1 0.40213815789473684 0.7423245614035088 0.027412280701754384 0.14400584795321636
1 0.05496162280701754 0.837719298245614 0.06387061403508772 0.2529239766081871
1 0.07099780701754385 0.708516081871345 0.03015350877192982 0.044956140350877194
1 0.13363486842105263 0.7573099415204678 0.03426535087719298 0.16301169590643275
