1 0.21328125 0.4322766570605187 0.22968750000000002 0.7608069164265129
1 0.43984375000000003 0.47550432276657056 0.1234375 0.3227665706051873
1 0.81640625 0.4178674351585014 0.1703125 0.22478386167146971
1 0.81015625 0.28674351585014407 0.1609375 0.12968299711815562
1 0.8734375000000001 0.16138328530259366 0.10625000000000001 0.23631123919308356
1 0.81796875 0.16714697406340057 0.0546875 0.09798270893371758
1 0.60546875 0.12968299711815562 0.0421875 0.14985590778097982
1 0.5046875000000001 0.16138328530259366 0.043750000000000004 0.09798270893371758
1 0.39140625 0.154178674351585 0.0328125 0.13544668587896252
1 0.41718750000000004 0.13256484149855907 0.034375 0.12680115273775217
1 0.76171875 0.1685878962536023 0.0546875 0.07780979827089336
