1 0.04695121951219512 0.48171846435100546 0.08414634146341464 0.3857404021937843
1 0.36341463414634145 0.603290676416819 0.13658536585365855 0.3436928702010969
1 0.5774390243902439 0.6078610603290676 0.10121951219512196 0.1736745886654479
1 0.7384146341463415 0.5621572212065814 0.09146341463414634 0.1773308957952468
1 0.8353658536585366 0.5886654478976234 0.09268292682926829 0.17915904936014626
1 0.8195121951219512 0.3985374771480804 0.07804878048780488 0.21206581352833637
1 0.5597560975609757 0.4076782449725777 0.05609756097560976 0.2376599634369287
1 0.5030487804878049 0.4323583180987203 0.07682926829268293 0.1956124314442413
1 0.25121951219512195 0.4149908592321755 0.08292682926829269 0.1316270566727605
1 0.2396341463414634 0.576782449725777 0.11585365853658537 0.13711151736745886
1 0.15670731707317073 0.5402193784277879 0.08170731707317073 0.15173674588665448
