1 0.155 0.5074468085106383 0.075 0.2148936170212766
1 0.23875000000000002 0.4723404255319149 0.055 0.2042553191489362
1 0.30312500000000003 0.451063829787234 0.05625 0.18723404255319148
1 0.36562500000000003 0.451063829787234 0.051250000000000004 0.18723404255319148
1 0.421875 0.43617021276595747 0.04625 0.19574468085106383
1 0.469375 0.4117021276595745 0.03875 0.19361702127659575
1 0.530625 0.37446808510638296 0.043750000000000004 0.17446808510638298
1 0.5593750000000001 0.36808510638297876 0.03125 0.17446808510638298
1 0.6625 0.3425531914893617 0.04 0.1702127659574468
1 0.69625 0.3404255319148936 0.035 0.17872340425531916
