1 0.760625 0.702626641651032 0.23125 0.5909943714821764
1 0.143125 0.5619136960600375 0.28125 0.8386491557223265
1 0.26875 0.5056285178236398 0.25 0.6097560975609756
1 0.426875 0.5290806754221389 0.22875 0.5065666041275797
1 0.5593750000000001 0.46904315196998125 0.16125 0.46153846153846156
1 0.628125 0.3799249530956848 0.11375 0.24577861163227016
1 0.704375 0.3602251407129456 0.11625 0.21388367729831145
1 0.801875 0.32645403377110693 0.09875 0.3339587242026266
1 0.84375 0.3030018761726079 0.05 0.32833020637898686
1 0.8925000000000001 0.3433395872420263 0.0625 0.3302063789868668
1 0.950625 0.3696060037523452 0.08625000000000001 0.2776735459662289
