1 0.134375 0.4360313315926893 0.146875 0.6005221932114883
1 0.24375000000000002 0.35509138381201044 0.084375 0.5013054830287207
1 0.484375 0.39947780678851175 0.140625 0.4908616187989556
1 0.5765625 0.34595300261096606 0.1125 0.4151436031331593
1 0.6976562500000001 0.2989556135770235 0.1171875 0.206266318537859
1 0.81015625 0.29112271540469975 0.1234375 0.22193211488250653
1 0.92578125 0.304177545691906 0.13593750000000002 0.1906005221932115
1 0.92578125 0.15013054830287206 0.08281250000000001 0.1174934725848564
1 0.87109375 0.15926892950391644 0.0484375 0.12532637075718017
1 0.31953125000000004 0.1370757180156658 0.026562500000000003 0.07571801566579635
1 0.43281250000000004 0.2519582245430809 0.07500000000000001 0.23759791122715404
