1 0.8488888888888889 0.4916666666666667 0.1711111111111111 0.22666666666666668
1 0.7133333333333334 0.4116666666666667 0.12 0.19
1 0.7144444444444444 0.305 0.07333333333333333 0.08
1 0.6122222222222222 0.30583333333333335 0.06444444444444444 0.10833333333333334
1 0.5172222222222222 0.2916666666666667 0.05444444444444444 0.09000000000000001
1 0.49944444444444447 0.25583333333333336 0.03888888888888889 0.058333333333333334
1 0.6855555555555556 0.2 0.026666666666666665 0.1
1 0.40555555555555556 0.2675 0.044444444444444446 0.07833333333333334
1 0.28888888888888886 0.26583333333333337 0.044444444444444446 0.065
1 0.27 0.24500000000000002 0.03777777777777778 0.07666666666666667
1 0.21055555555555555 0.26083333333333336 0.03222222222222222 0.055
1 0.14888888888888888 0.2566666666666667 0.035555555555555556 0.043333333333333335
1 0.16333333333333333 0.24083333333333334 0.022222222222222223 0.045000000000000005
