1 0.166 0.376 0.052000000000000005 0.128
1 0.353 0.47866666666666663 0.046 0.12533333333333332
1 0.389 0.3733333333333333 0.038 0.112
1 0.393 0.31866666666666665 0.022 0.056
1 0.458 0.33066666666666666 0.028 0.12266666666666666
1 0.498 0.3253333333333333 0.028 0.11733333333333333
1 0.542 0.33866666666666667 0.032 0.048
1 0.614 0.3506666666666667 0.032 0.09333333333333332
1 0.654 0.42266666666666663 0.048 0.104
1 0.748 0.36 0.04 0.11733333333333333
1 0.792 0.29333333333333333 0.024 0.112
1 0.6980000000000001 0.33599999999999997 0.024 0.09066666666666666
1 0.683 0.32 0.022 0.09066666666666666
