0 0.565 0.2886266094420601 0.20714285714285716 0.22103004291845493
0 0.2864285714285714 0.4592274678111588 0.2842857142857143 0.37339055793991416
1 0.24071428571428571 0.8133047210300429 0.06428571428571428 0.13733905579399142
1 0.5628571428571428 0.6394849785407726 0.04857142857142857 0.1072961373390558
1 0.62 0.7542918454935622 0.04857142857142857 0.13948497854077252
1 0.7007142857142857 0.41952789699570814 0.032857142857142856 0.09656652360515021
1 0.8207142857142857 0.5954935622317596 0.05285714285714286 0.13090128755364808
1 0.8628571428571429 0.528969957081545 0.03428571428571429 0.148068669527897
1 0.8221428571428572 0.528969957081545 0.03857142857142857 0.08369098712446352
1 0.79 0.5364806866952789 0.03428571428571429 0.12017167381974249
1 0.765 0.5364806866952789 0.03571428571428571 0.15021459227467812
1 0.7885714285714286 0.4366952789699571 0.03428571428571429 0.07510729613733906
1 0.7285714285714285 0.5332618025751072 0.037142857142857144 0.11802575107296137
0 0.3914285714285714 0.7875536480686696 0.43142857142857144 0.4206008583690987
1 0.4857142857142857 0.5643776824034334 0.04 0.06866952789699571
