1 0.22624999999999998 0.6158750000000001 0.1745 0.76475
1 0.15708333333333332 0.599625 0.09116666666666666 0.6707500000000001
1 0.3478333333333333 0.56125 0.102 0.5
1 0.50175 0.5775 0.1255 0.541
1 0.5698333333333333 0.604 0.13833333333333334 0.638
1 0.6585833333333333 0.51725 0.050833333333333335 0.359
1 0.72725 0.46575 0.11183333333333333 0.25
1 0.6840833333333333 0.658375 0.10983333333333332 0.23825000000000002
1 0.7885 0.679625 0.13633333333333333 0.23675000000000002
1 0.8546666666666667 0.658375 0.09799999999999999 0.16475
